[90m= [39m[34;4mApp\Models\Source[39;24m {#6565
    [34mid[39m: [35m5[39m,
    [34mchatbot_id[39m: [35m1[39m,
    [34mtype[39m: "[32mtext[39m",
    [34mtitle[39m: "[32mHow to send invoice to ZATCA?[39m",
    [34murl[39m: [36mnull[39m,
    [34mcontent[39m: "[32mGo to Sales → Invoices and create a new invoice by filling in the required fields such as customer, item, price, and quantity. On the invoice list page, you will see a “Send to ZATCA” button. Click this button, and a popup modal will appear. From there, you can send the invoice as Simplified (for B2C) or Standard (for B2B) to ZATCA.[39m",
    [34membedding[39m: "[32m[0.0017207484,0.029892545,0.016174734,0.009207434,-0.01616269,-0.05939969,-0.029145833,-0.013886424,0.0056665763,-0.021064488,0.012585701,0.011790815,0.010526223,-0.013091538,0.041213654,0.04078008,0.004278536,0.027098399,-0.05058368,0.024207903,0.009382068,0.065710604,-0.0030139443,0.0050613787,-0.06036319,-0.03468595,-0.043237,-0.03184363,-0.0012337299,-0.035890326,0.023268493,-0.020763395,-0.020028729,0.009008712,-0.014187518,-0.0017282757,0.018222168,0.07939229,0.04232168,-0.0048807226,-0.02936262,0.039985195,0.057858095,-0.0041550878,0.019342234,0.06614418,0.0020956094,0.0347823,-0.042104892,-0.0010621067,0.018475087,0.021654632,0.035312224,-0.044537723,-0.023798417,-0.0047723292,0.013753943,0.006042943,-0.010032429,0.037022434,-0.022413388,-0.005479899,-0.013368543,-0.005145685,0.002264222,0.041984454,-0.0261349,0.04506765,-0.014633136,-0.008358351,-0.014464524,0.003042548,0.03839542,0.018752092,0.002887485,-0.050150104,-0.026375776,0.011616181,0.033674277,0.008454701,0.0076778797,0.0065277033,-0.068552926,-0.006509638,-0.009592833,0.009683161,-0.04629611,-0.011050125,-0.0025141293,-0.038419507,-0.016656483,0.02948306,0.026183076,0.008767838,0.038467683,0.015259409,-0.029338533,-0.01754772,0.0020097978,0.031530492,0.03926257,-0.017114144,0.027724674,0.012025667,0.025267752,0.031024657,-0.011363262,-0.023160098,-0.012706138,-0.017884944,-0.057087295,-0.012368914,0.025508627,-0.012344826,0.0013714801,0.0097313365,-0.0067505124,-0.042273503,-0.0007271404,-0.050150104,-0.01674079,0.0127784,-0.022726525,-0.012694094,-0.01964333,0.009875861,-0.07698354,-0.018137863,-0.013585331,0.014813792,0.020474346,0.004200252,0.046536986,-0.0269057,-0.05684642,-0.0449713,-0.00890634,0.030928306,-0.038250897,0.021630544,0.0067806216,0.007274415,0.02187142,-0.023051705,-0.04725961,-0.051932577,-0.030639257,-0.021269232,-0.062916465,-0.03220494,-0.04925887,0.043815102,-0.004570597,-0.0751529,-0.006401244,0.01996851,0.0030365263,-0.010953776,-0.019498805,-0.027218837,0.011676399,-0.0172948,0.05862889,-0.028688172,-0.026303513,-0.027122486,-0.00028735594,-0.018848442,-0.033337053,0.032253116,-0.031241443,-0.0227747,-0.03206042,-0.013224019,-0.010086627,0.015367803,-0.022762656,-0.009779511,0.008526963,0.008948494,-0.035047263,0.016186778,-0.009899949,-0.054726724,0.008352329,-0.0077862735,-0.004868679,0.0007120857,-0.011315087,0.023593673,0.00063530693,-0.051402654,-0.014813792,0.017788595,-0.0037787212,0.022630174,-0.024533084,0.03471004,0.00011545047,0.011676399,0.005314297,-0.072310574,0.012465264,0.0017102101,-0.069227375,-0.0069733215,0.022401344,0.0010560849,0.027026137,0.012766357,0.03386698,-0.049957406,-0.028639996,0.0077019674,-0.043935537,-0.018089687,-0.014946273,0.021016315,0.009508527,-0.026881613,-0.026472125,-0.02984437,0.02423199,-0.026592562,0.002213036,0.026857525,0.003254819,-0.010568376,0.010496113,-0.020317778,0.021136751,0.034613688,0.039383005,0.010502135,0.0039081913,0.015801378,0.022834918,-0.010176955,-0.020751351,-0.0014256769,-0.029218096,-0.00938809,0.023075793,0.0030591083,-0.0013240579,-0.025026876,0.01635539,-0.050390977,0.016837139,-0.013994818,0.046320196,0.010857426,0.014524742,-0.012103952,0.037913673,-0.035673536,-0.0036643057,-0.010080605,0.04294795,-0.05694277,0.0361312,-0.05862889,-0.011622203,0.040418766,0.019799897,-0.021498064,-0.02248565,0.0026932799,0.014271824,0.04287569,-0.034565512,0.023473235,0.06595148,-0.0016831117,-0.0678303,0.044320937,-3.7142683e-05,-0.027772848,0.035890326,0.007274415,-0.079488635,-0.026183076,-0.011417459,-0.004365853,-0.0015303069,0.0016424641,-0.004703078,0.011525853,0.046705596,0.00047798565,0.059255168,-0.005275155,-0.035143614,-0.026688913,0.0024689652,-0.010989906,0.010700857,-0.0048415805,0.012236433,-0.018475087,0.02871226,0.03268669,0.011694465,-0.0069793435,-0.02784511,0.04952383,0.0107731195,-0.02210025,0.08469153,-0.0040978803,0.04277934,-0.0050372914,-0.019306105,-0.030470645,0.03584215,-0.035504926,0.031699106,-0.027821023,0.013476937,-0.05332965,-0.008623313,0.061952963,-0.0110983,0.016560134,0.03003707,-0.02481009,-0.029964808,0.022280905,-0.04771727,-0.04258664,0.015452109,-0.026351688,0.019799897,-0.037118785,0.023172142,0.032469906,0.030181594,-0.0012962067,-0.031313706,0.054823074,0.015801378,-0.03206042,-0.00648555,0.006088107,0.0024915473,0.024786003,0.01687327,0.024605347,0.017463412,0.015018535,-0.017270714,0.0074309832,0.035818063,-0.013236063,0.0018457021,0.076164566,0.024159728,-0.051499,-0.011495743,-0.0077983174,-0.048223108,0.0070034307,0.008231891,-0.0011336164,0.024954615,0.04990923,-0.0019360301,-0.021305364,-0.056894597,-0.01706597,0.06017049,-0.020558652,-0.018475087,-0.0048476025,-0.035793975,-0.06768578,0.03365019,-0.018270344,0.04622385,-0.031915892,0.014344086,-0.018992968,-0.04241803,0.0026345665,0.02909766,0.020402083,0.014030949,0.01867983,7.517924e-05,0.028760435,-0.00078961725,-0.035384487,0.024436735,-0.0032578297,0.032156765,0.01971559,0.033698365,-0.025725413,-0.015500285,0.020125078,0.036950175,-0.038636297,0.0072864583,-0.04152679,-0.020377995,-0.024123598,-0.022148425,0.0019119426,0.004498334,-0.033144355,-0.00087542884,-0.030735606,0.026496213,0.03832316,0.0020278636,0.0129590565,-0.012910882,0.07756164,0.0051727835,0.01306745,0.009737358,0.012152127,0.03557719,-0.033144355,-0.056220144,-0.01848713,-0.02409951,-0.01458496,-0.019462673,-0.027242925,0.048560333,-0.016524002,-0.046536986,0.014091168,-0.07178065,-0.009893927,-0.0059285276,-0.02851956,0.059062466,0.0081234975,0.00087091245,0.009665096,0.03119327,-0.0060278885,0.00021509355,-0.01596999,-0.03468595,-0.0017162319,0.02403929,-0.05448585,-0.03177137,-0.021666676,-0.01468131,-0.02765241,-0.031795457,-0.00022826638,-0.0006206286,0.0015227795,-0.037913673,0.00034945644,-0.026158988,0.003564945,0.05390775,0.052414328,-0.02400316,0.02081157,0.01616269,-0.0067444905,0.058147144,-0.01435613,-0.068456575,-0.037624624,0.015536415,-0.0010342556,-0.044441376,-0.027218837,0.046055235,-0.005145685,-0.01635539,-0.0009085491,0.014030949,0.0066120094,-0.017716331,0.020932008,0.011007972,0.09504914,0.016042253,-0.04249029,-0.022449518,-0.048343543,0.011074212,0.023461193,0.028784523,-0.011712531,0.00075348606,-0.064698935,-0.034493253,-0.013573287,-0.014392261,-0.039744318,-0.016271083,-0.0008814507,0.038154546,0.0044893017,0.030687433,0.03184363,0.019920334,0.007966929,0.0051517067,0.048632596,-0.031458233,-0.027989635,0.015982034,-0.019932378,-0.040250156,-0.004278536,0.00085661054,0.039672058,0.00086413784,-0.02371411,-0.037793234,0.03365019,-0.0034023547,-0.025532713,0.04070782,0.008557072,-0.02187142,-0.048223108,-0.029603496,-0.044802688,0.03813046,-0.020450259,-0.02090792,0.011080234,-0.021823244,0.03232538,-0.029723933,0.054823074,-0.023653891,0.026255338,-0.031506404,0.02206412,-0.0065216813,-0.0065999655,-0.003570967,-0.019282017,-0.021606456,0.00014988802,-0.017246626,0.014609048,0.055401172,0.03165093,-0.0135251125,-0.020919964,0.0077320766,0.018186036,0.009737358,-0.00032311078,0.016283127,-0.04562166,-0.0042725145,-0.004423061,-0.034083765,-0.04451364,0.021064488,0.019462673,-0.022353169,0.019017054,-0.029266272,0.043791015,0.0024644488,-0.00056831364,0.010700857,-0.022822874,-0.03413194,0.045212176,-0.010050495,-0.036853824,-0.020474346,0.0543895,-0.032758955,0.002232607,0.01622291,0.015307585,-0.022606088,0.01235687,0.015271453,0.036709297,0.02232908,-0.014572917,-0.022822874,0.00063944695,0.007497224,0.012326761,-0.012182236,-0.017210495,-0.012158149,0.0006187468,0.004426072,0.031096919,0.0038208743,0.012417089,-0.015572547,0.003601076,-0.05058368,0.011664355,0.0030862065,0.008448679,0.008346307,0.020040771,0.037889585,0.017102102,-0.0076357266,-0.014018905,0.033409316,0.012633876,-0.010718922,0.035504926,0.018306475,0.025050964,-0.009592833,0.004588662,0.01287475,0.027604235,0.0010003826,0.03003707,0.014994448,-0.019944422,-0.05371505,-0.010357611,0.005145685,0.025773589,0.02081157,-0.022979442,0.005368494,-0.039021697,0.02897722,0.039985195,0.03545675,0.0012510428,-0.027604235,0.009845751,0.021534195,-0.007539377,0.032373555,0.032277204,0.008490832,0.04294795,0.006401244,-0.010002321,-0.030494733,0.0144765675,0.029458972,-0.037528273,0.010941732,0.00577497,0.026472125,0.01606634,0.021040402,0.04280343,-0.0019104371,0.014657223,0.027098399,0.028061898,0.0030892175,0.011152497,0.0021332463,0.028953135,-0.004408006,0.0032608407,-0.06942008,0.043959625,-0.021437844,0.007316568,-0.0016123548,0.07746529,-0.010182977,0.01019502,-0.002345517,0.015006491,-0.020209383,0.01254957,-0.021606456,0.026062638,0.020751351,-0.005311286,0.03507135,0.0010372665,-0.011291,-0.024858264,0.008262001,0.0068408404,0.046561074,0.0060610087,0.027724674,-0.045260347,0.0019826996,-0.0043447767,-0.022690393,-0.010947754,-0.0075032455,-0.06421719,-0.009954145,0.0043959627,-0.0133565,-0.018137863,0.03415603,0.009502505,0.015692985,0.043429703,0.025797676,-0.00025969298,-0.015403935,0.008803969,-0.012043733,0.030012982,-0.030085245,0.023256449,0.006316938,-0.018992968,0.042442117,0.061423037,-0.010225129,-0.011911252,0.0049138432,-0.033818804,-0.019992597,-0.00877386,0.01487401,0.0049319086,-0.048560333,0.0035890325,0.032253116,0.04371875,-0.040177893,0.0021528173,-0.056557372,0.02229295,-0.0015822455,-0.03374654,-0.03119327,-0.020919964,-0.016788963,0.01858348,-0.01654809,-0.045669835,-0.0005257842,0.004287569,-0.010417829,-0.033312965,0.017415239,0.007900689,-0.029796196,0.011959427,0.013838249,-0.023449149,0.0040978803,-0.030012982,0.0096349865,0.013284237,0.024496954,0.04429685,0.019619241,0.020691134,-0.018451,-0.014115255,0.012103952,0.0018216146,-0.0015190159,0.03352975,-0.015656853,-0.014717442,-0.022461561,-0.030061157,0.03336114,0.0036883932,-0.051306304,-0.038539946,0.008761816,-0.036661122,-0.022088207,-0.02261813,-0.01819808,0.0004708347,0.0143802175,-0.04752457,0.010333523,-0.022702437,0.02851956,-0.01164629,-0.016885314,0.0365166,0.004660925,0.010923666,0.006545769,-0.004507367,0.02290718,-0.011790815,-0.02300353,-0.026833437,0.0049981494,0.029073572,-0.033312965,0.0024207903,0.012302673,0.021931637,0.007400874,0.025147315,-0.011435525,0.0067565343,0.02438856,0.0007933809,0.015078754,-0.0040045413,-0.050390977,-0.009050866,0.065132506,0.020149166,-0.032373555,-0.028856784,0.0067866435,-0.01235687,-0.046922386,0.021112664,0.032927565,0.044537723,-0.039334834,0.033168443,-0.026303513,0.018764136,-0.013320369,0.023557542,0.00532333,-0.0041129347,-0.0057478715,-0.02661665,-0.0069131027,-0.022666305,0.0018140873,-0.0021076533,0.037528273,-0.030277945,0.020919964,0.007394852,0.02261813,0.0081234975,-0.014536786,0.024352428,-0.023617761,0.04070782,-0.009604877,-0.025340015,0.014994448,-0.00038314125,-0.016439695,0.01577729,-0.038274985,0.013127669,-0.0023244405,0.014307955,-0.01454883,0.012802488,-0.01468131,-0.0061061727,0.0076176613,-0.02661665,-0.027339274,-0.006304894,0.05332965,0.021317407,0.024834178,0.0129711,-0.016090427,-0.012061799,0.006190479,0.013669637,0.013043363,-0.017150275,-0.0037546337,-0.009809621,-0.010532244,-0.011080234,-0.01577729,0.008942472,-0.00703354,0.0072382838,0.0012344826,0.039696146,-0.010273304,0.027339274,-0.019474717,0.054437675,0.0110621685,-0.027796935,-0.02680935,-0.0015671907,-0.035047263,0.04412824,0.023641847,0.019498805,-0.018559393,0.004706089,0.020835659,-0.011796837,0.01164629,0.0218112,-0.00667825,-0.009502505,-0.0018953825,0.025436364,-0.0016846171,-0.006088107,0.029627584,0.00039669045,-0.0034414968,0.026399862,-0.041478615,-0.013741899,0.0016996718,-0.03338523,0.012049755,0.0042092847,0.029675758,0.026953874,-0.0058893855,-0.0005950357,-0.006328982,-0.046151586,-0.0034926825,0.016114514,-0.0006646635,-0.0020338853,-0.0006748254,-0.003513759,-0.031915892,-0.042442117,-0.0372874,-0.007900689,-0.026399862,-0.04374284,0.019498805,0.0026541376,0.0040737926,-0.0036402184,0.0053925817,0.013127669,-0.015030579,0.008298132,-0.014440436,0.005910462,-0.0049499744,-0.016584221,-0.0003408,-0.033312965,0.01568094,0.0049379305,0.044320937,-0.016198821,0.03309618,0.058436193,-0.00081521017,-0.033312965,-0.0033933218,-0.0436224,0.013344456,0.018728005,-0.02509914,0.004429083,0.029218096,0.011116366,-0.0007233767,0.0057659373,-0.020823615,0.0052510677,-0.032542165,0.03174728,-0.0076959454,-0.054244973,-0.0026119845,0.027604235,0.016343346,-0.023304623,-0.019932378,0.0031042723,0.029699845,0.049861055,0.020197341,-0.0127784,-0.005780992,-0.017981293,-0.0058622872,-0.010405785,0.07520107,0.03384289,0.0106827915,-0.040153805,-0.024207903,-0.020703178,0.0070516057,0.007966929,0.0122003015,0.003558923,-0.0033782672,-0.013115625,0.016451739,0.016885314,0.005500975,0.0071058027,-0.058243494,-0.027748762,0.019896246,-0.035312224,-0.003703448,-0.03774506,-0.018270344,-0.0070214965,0.031434145,-0.027748762,-0.0220039,-0.0261349,0.0022205634,-0.036468424,0.0023951975,-0.0006401997,0.034493253,0.0027173674,-0.0015220267,0.028302772,0.040466942,-0.022786742,0.006672228,0.0259422,-0.00017491641,-0.047741357,0.0041851974,-0.007876601,0.0034595623,-0.008605247,0.014813792,0.014597004,-0.013464893,-0.010098671,-0.04032242,0.038756732,0.002122708,-0.0024960637,0.019426541,0.034059677,-0.016716702,0.002771564,-0.014886054,0.030928306,0.02396703,0.0455494,-0.03213268,-0.010526223,-0.026279425,-0.01064666,0.04155088,0.013705769,0.016752834,-0.039696146,0.014621092,-0.02267835,0.013645549,-0.038082283,-0.010050495,0.033626102,-0.03526405,-2.1252954e-05,-0.02813416,0.037913673,0.011754683,0.005332363,0.0028558702,-0.0365166,-0.034854565,-0.02358163,0.035673536,-0.015223279,0.0030862065,0.02500279,-0.01606634,0.02719475,0.015006491,-0.024737827,-0.0073286113,0.03897352,-0.00078811176,0.016319258,-0.013549199,0.0011652312,0.022702437,-0.0006748254,-0.0269057,0.030398382,0.0027339275,0.024135642,0.029266272,-0.0093519585,-0.013537156,-0.0036914041,0.004462203,-0.028254598,-0.013127669,0.014633136,0.018041512,0.0147656165,0.025966289,-0.018824356,0.021172883,0.017644068,0.020522522,-0.02232908,-0.0066481405,-0.009044844,0.0042604706,0.015500285,-0.019860115,0.057183646,-0.03061517,-0.05010193,-0.009141194,0.018559393,-0.0024900418,0.018559393,0.027122486,0.07544194,0.024605347,-0.015933858,-0.014813792,0.00040459415,-0.006672228,-0.026664825,0.018318517,0.010092649,0.0017930107,-0.0033571906,-0.0004087342,-0.04220124,4.220011e-05,0.032927565,-0.05684642,0.018029468,0.022834918,0.008791925,-0.026038552,0.05968874,0.006768578,3.629586e-05,0.035408575,0.008280067,0.0077742296,0.03610711,0.027074313,-0.02481009,0.009520571,0.011092278,-0.014621092,-0.0015702017,-0.049861055,0.02419586,-0.04022607,0.015548459,-0.022702437,-0.00848481,-0.019751722,0.009418199,-0.016668526,-0.010694835,0.0133565,0.016138602,-0.0045796293,-0.017800637,0.018125819,-0.0025472494,0.01606634,-0.04793406,-0.0049138432,0.0049951384,-0.040057458,-0.004648881,0.016957575,-0.015632765,-0.04116548,0.0065578124,0.0076658363,-0.013501025,0.03733557,-0.0074731363,-0.0031705126,-0.0043146675,0.048174933,-0.0073346333,-0.015452109,-0.00085661054,-0.03181954,0.0045314548,0.018788224,0.011995558,-0.0057207732,-0.019089317,-0.034372814,0.008177695,-0.0021633555,0.01910136,0.006726425,-0.020438215,-0.05294425,0.062193837,0.0091652805,-0.021787113,0.034180116,-0.02842321,-0.024737827,-0.009622943,-0.019655373,-0.008605247,0.03890126,0.0075213113,0.03622755,-0.0040768036,-0.010327501,-0.014825836,-0.015921814,-0.013139713,0.016909402,0.00912915,0.024412647,-0.012573658,0.044369113,-0.0139105115,-0.009086996,0.028061898,-0.0059134727,0.005780992,-0.023015574,0.0019811941,-0.028302772,0.020655002,-0.018595524,0.010321479,0.01929406,-0.009406156,5.0291994e-05,0.027556062,0.019932378,0.015885685,-6.120663e-05,0.01487401,0.0081174765,-0.00062476867,0.02897722,-0.020257559,0.007443027,-0.0058984184,0.019330192,-0.0061031617,-0.031145094,-0.023533454,-0.026737086,-0.0078103608,-0.017017795,0.024256079,-0.00609714,0.017896987,0.015283497,0.0146692665,-0.021052446,-0.0038991587,-0.0010274809,0.017921075,0.006045954,0.018523261,0.008490832,-0.006726425,0.011284978,-0.0133565,0.0032849282,-0.0022220688,0.030976482,0.015584591,-0.0020504456,-0.03181954,0.0129711,0.010080605,0.007894667,-0.036155287,-0.015692985,-0.0009800588,-0.010170933,-0.056798246,-0.004465214,-0.018944792,0.011435525,0.009809621,-0.038443595,0.02765241,-0.008286089,0.042731166,-0.028495472,-0.024978703,0.00029845876,0.0029025397,-0.026086725,-0.004423061,-0.009990277,-0.00641931,0.015319629,-0.038467683,-0.00964703,-0.012730226,-0.0031434144,0.016379477,0.042056717,-0.01055031,-0.037985936,-0.031434145,-0.0051637506,0.012862707,0.044345025,-0.0133565,-0.0070154746,-0.009707249,0.029025396,0.01080925,-0.01819808,0.017451368,-0.032253116,-0.0010989907,0.010604507,-0.0028588811,0.006042943,-0.03899761,-0.00896656,-0.020004641,-0.013597375,-0.004877712,0.009616921,-0.0030169552,0.0048144823,0.018186036,0.008791925,0.034950912,0.024111554,-0.00035171464,0.05010193,-0.0045164,-0.017090058,-0.016764876,0.010273304,0.009460352,0.012477308,-0.0020579728,0.021522151,0.016728746,0.023364842,-0.009725315,-0.006286829,0.002238629,0.02058274,0.022630174,-0.0059827245,0.029314445,0.04754866,0.057665393,-0.03868447,0.00093414204,0.021787113,0.016078383,0.019619241,0.019077273,-0.0019465684,0.019787854,-0.0040346505,0.029964808,-0.002368099,-0.024352428,0.016861226,-0.006407266,0.0026119845,-0.029579408,-0.018499173,-0.020992227,0.0029492092,-0.016319258,-0.022497693,-0.009074952,-0.018161949,-0.0032698736,0.0037154916,-0.0041039023,-0.0269057,-0.013693725,-0.0453567,-0.011495743,-0.00019928615,0.02936262,0.043863274,0.000787359,0.016042253,-0.048030406,0.030639257,0.02225682,0.024930527,-0.021269232,0.015223279,0.0021979813,-0.00712989,0.00057621737,0.025340015,0.010441917,-0.018161949,-0.018318517,0.00667825,-0.013850293,0.00909904,-0.0029040452,-0.0025081073,0.009785533,-0.028664084,0.022654261,-0.0060549867,-0.015295541,0.02129332,0.036468424,0.0014663246,0.017644068,-0.004694045,0.007954885,-0.017499544,-0.020197341,-0.011471656,0.005588292,0.020667046,-0.019185666,0.036926087,-0.007178065,-0.0028920013,0.013236063,0.007166021,0.0077501424,0.012537526,-0.02010099,0.006461463,0.00011291,-0.042273503,0.08160833,-0.008984624,-0.00567862,-0.015560503,0.0044862907,0.026640737,-0.026664825,-0.02481009,0.0039894865,-0.014416348,-0.005371505,0.0048385696,0.0086895535,-0.013609419,0.02338893,-0.02738745,0.012067821,-0.01154994,0.0019495793,0.013224019,0.003242775,0.0265203,0.0347823,-0.0076477705,0.027291099,-0.00722624,-0.00077230437,-0.017993337,-0.01283862,-0.0075152894,0.022533825,0.036468424,0.0020113033,-0.017403195,0.013958687,-0.015813421,-0.0002807695,-0.030566994,-0.01925793,-0.0030922284,0.015271453,0.01083936,0.03336114,-0.011953405,-0.026062638,0.05096908,0.015885685,0.021136751,-0.017439326,-0.011640268,-0.0067866435,0.029314445,-0.0036311855,0.03572171,-0.009068931,-0.0060579977,0.00983973,-0.00461275,-0.0016469805,0.010369654,-0.041671317,-0.011333153,-0.016090427,0.005633456,0.015656853,0.013741899,-0.031313706,-0.0055250623,0.032012243,0.028061898,0.0017990327,0.00030956158,0.03080787,-0.029338533,-0.017078014,-0.0068047093,0.012621832,0.019498805,-0.027965548,0.009490462,0.041213654,0.0019104371,0.010146845,-0.013284237,0.032951653,-0.00046782376,-0.016584221,-0.008466745,0.002458427][39m",
    [34mstatus[39m: "[32mcompleted[39m",
    [34merror_message[39m: [36mnull[39m,
    [34mcreated_at[39m: "[32m2025-11-19 09:53:51[39m",
    [34mupdated_at[39m: "[32m2025-11-19 10:12:00[39m",
    [34mmetadata[39m: [36mnull[39m,
    [34mpriority_score[39m: [35m50[39m,
  }

